894683779006865448
947681607928659990
937686217053597708
877321769055297548
797223467220205569
409815000652185603
850510981560926228
307997038862401536
792230291632160839
919100649730351155
857390174778032138
490319452047671313
953382158410592358
956266606919561226
916158634952654878
770308709133844500
936577752583249931
640715097697681431
665353702294421526
662528366502477854
514685362900041768
893395539293536297
823360036855611393
708711304063352852
700722817183907892
705607075723739189
730279529016197171
669741906863063050
663201702673121311
408751213954465803
734441727447793674
552137519115010049
494203499131830284
737754906231832708
936646575864807464
665397746701828120
750919402882465862
956716090501791744
916741202680885329
949551870714720266
522553989682692106
880133276432465960
849669889248722952
753159792733847613
730939467959107634
789359647168528394
643150316392546326
886706987847524413
755661308950609941
829360185218433035
726480452747001897
800236064035962893
555541787851096076
818633907564970015
712405267345571882
727088641494482944
870856664285347861
884955319069986897
296370045460807680
886660039673258075
715963832983486524
329694541575749642
719689107114164335
831628490557620306
746888738990456892
282683370750869515
586733247539707905
755849770215407747
959092520091025428
722419494336725052
917579686324887623
485981519513649152
874239183676391484
472428851851558912
566242785498234880
832620194819342337
758159233354039306
789594630219759657
909490050197233795
863153449897033738
959873001942294588
874722686784389160
936612129337909319
925743434478792724
559552178793086976
957757230780915754
936183216572882994
402334106589069322
821050470197362718
681240957001400330
945466191244316673
629796483910205460
772967557744427030
826634499521249300
591296370099355732
537958431328305174
703655829202534541
904587205043974184
783097026937225218
918608116701069364
433774955469996035
802367658988142633
796563115197988875
750898637524959324
854884493218152468
939965856216129637
618475691591335957
849328433052909610
637075011101917194
843958572757155871
775988496811950091
784665907363315723
624024196896522242
620798210893676554
760587503211905035
509889871188328449
576538540406734858
528826724440473602
889245777036197948
464943405374504960
485939055654076446
586298234004307978
697591229172416533
593117396911521792
904585875009200138
904209037049086013
846523934877810695
686731600234283039
903972546012143667
904208917419155457
844040492395003914
425452388464328704
771946532609196064
491078806988390400
573285573968527402
960385774963015721
732453473534214175
720291757878673439
395074844061990922
292814653380362241
540036328558166016
780599545473007616
712127427178004480
888644517425729596
904255930584170516
618574480939155456
705529913817432256
923037536350240769
904151544302276649
904205453242798140
904264729143427082
617876233614655491
754005279120687164
592424598939631627
904301031666622505
840634486597353483
728514408325578754
820527641760366632
841735126051586118
850276652876562452
565703071267553310
941920817078501436
714602784770621441
512042458360709121
817862534828654622
914966410248224789
846164100044161075
896587563786178581
825444152253612094
540341739945459712
888845523761635339
359133394308956172
926523657210171402
382145323730206727
712604018723127336
904295863910801418
848017326594719744
848012207568060446
848181585882775572
943066316804337684
844531741733421066
746884635723825172
772355233678360576
770638199605035040
411154709290942476
904185752777281566
765422602922885130
364968517935562753
845793739946983424
806822860664471602
904186161814204456
446471839997231104
335998709806399500
801564528952475668
704482548914323476
904156217818103808
904328985972981780
850474727498579998
904305893775118347
804092430008713287
355481021510320128
874472824197242911
358444183406772225
761200868724441139
904193528484200488
843272388132208650
608392847246360581
838207534934261780
88048164292022272
780901109102805063
841250065556832276
812391382194585690
587086368795131905
846903931069136916
844560736830357554
843865057904689202
904180042240786452
856646295724228609
904258720161206272
911752490410737704
840913636276043776
945870464566300712
669722656077250570
904322134774542427
830480870728925185
850103903369691147
648274429620518933
819016421187125259
604506820681400320
412282023932198922
718938599747485858
449589137163419668
263794680649613313
595718631158186009
651636578703245324
929820417059852318
690322629181440020
489226781774053376
933836775854579783
904194332955906048
956724312801439795
636858259759824897
562440687363293195
864506793040281610
257388779289968640
738964415612715040
689023285740044290
844380962627256340
844745708099207168
743313761993097247
676615026110627842
935055375399518248
356263208035811328
336259415575625729
904204427357999156
795428761427902495
577283335945060354
865534690748268575
904185545595420732
882347661641019455
843152881103405137
415319958269067274
667115988877180960
904205657291522058
617079557677252625
904243410813214792
664468741672796164
875890635775811604
772907005932732502
567532905849552906
859134461475422258
852645470811848714
904208275292168202
796022965405876245
500812582005899264
932849770614112256
575769608682733577
319516807297892371
931375729298513960
904331667655778364
904588587109068861
893560781445152838
592979439412051968
841014900381057104
626568186304921605
722214762024534118
884541108649078805
950137144343670804
904198254382710845
796148971605196832
529131441489969162
853124004713988126
848056780433260584
848454526196514816
321093472096354316
904202198186070016
769364197074272286
726183320223875073
523350019039035434
721850648609554543
907708966916726814
904255762451271701
597604218492420096
846824090731151360
251532705660010496
349315478612738050
872378690259017739
666394516634206240
905210545249071204
828861323353915422
930052441184038942
885100896357343232
814274309723914260
231927644415983616
904261372198653954
818849694893473842
904205709661585419
460527913310093322
818255873066532924
928827628947914833
279676939906711552
561280883923877898
904586712926269500
906820697052041230
904187376354615306
469370161938432011
905337967495774218
761379172156178452
515708638115921931
904258205088108554
513177697665548288
904204926106894357
751150039312760932
857452956558295080
846560184868667392
658461338150109204
785662441941893152
904240463098310676
935688099332247602
846368762319732756
904299483486122034
904250736743972934
907721153433436231
582240246545252392
839918013704306778
904256394067329044
841475499587141674
932183137251913748
898646937627136030
473659660520652800
858826694968999946
946100647051264001
613966954541350912
718648432717463586
460883114382721027
556386039351083008
847479482276642826
544257629321560067
447839418888486926
295984276607074304
525742137216860171
820658699437604886
904591403135434802
875122246941814915
470051580595666945
594909206532849674
338513031942373376
826697575452901397
844610183866876005
852618132002832484
821359402535747595
770682919219363911
777920558608154654
701970799032270978
420725491994066944
687882398477844481
371479057398759425
838915487853314078
860588207648538634
432636235605868544
628368662050635776
844335054913536000
347128851182256129
725665362707742732
845445015845208076
802756702042193920
904587281262858260
896913479821312031
908441625867485264
915463303986315275
909950682126250045
561359921531191336
848390045962731531
843740701292625950
496075732838121472
795975294904827945
871948152821923920
697065135369617508
590170098472452096
490071148147769345
904148730498936972
698391457643626596
660263044454023169
787830259852509205
733491899893022801
650095215595618324
211956258406793216
822336870197362688
738504839046234213
817766143011323926
956011536114143242
324729000960327689
574279008540295169
498338764863832074
806371895721066556
564239241308012546
729138186642784316
904585919795957801
251528759742693376
764006461646045205
912801792251822090
554144225814380545
860900747873222686
849527808510525451
665020000377241630
569516261931876362
841055445611184138
667181821011951629
826172779455971329
847977451899715615
478303392104579072
845815357708304404
943391036632334356
927689166119137352
338803132878290965
507227683974021133
931281303200997418
904300098295595049
904325860851593277
894028199749636137
713781200237363271
424017282864513025
288467741520691200
838546417794416682
904134083511193710
845086255020113931
904196560131342416
841233030215106561
362396327914504194
601692838102827009
886763926077992962
665703422451777566
853018850168668200
833862216187904000
401895098859913226
849067601304223784
640339557094522915
956261909752061972
850638685723820062
845195378693242940
777897878550872086
752051343727788044
907716053394673724
806901250968387654
774592418968240188
693708674002059275
829707222237577257
927988190562885692
904258395475951617
772719400419196949
904298562693787688
435271550183145474
419133007002337280
904197887821504513
838972107056218134
608400483454943232
770922217176825886
837531897457541131
327986606189445120
755961638519177237
925939151067574292
420062208354156554
841116635012136960
685369542607634451
875382038058926091
322847716411572224
937253915316060160
389438848087621633
567175717767610412
616623077731598357
394372453595480064
844241556487536640
817426030251737089
906570457736708096
876116891511431170
531305706566058004
690656193315602492
781070337671954432
846564823391404054
791713467694317600